12
3.3997 359.824 -0.1301 1.8900 -1.0400 -0.1100
3.3997 359.824 -0.1301 2.9200 -1.6300 0.6100
3.3997 359.824 -0.1301 2.8800 -1.6500 2.0000
3.3997 359.824 -0.1301 1.8000 -1.0800 2.6800
3.3997 359.824 -0.1301 0.7600 -0.4800 1.9600
3.3997 359.824 -0.1301 0.8100 -0.4600 0.5600
2.5996 62.76 0.1301 1.9200 -1.0200 -1.2000
2.5996 62.76 0.1301 3.7600 -2.0800 0.0800
2.5996 62.76 0.1301 3.6900 -2.1200 2.5600
2.5996 62.76 0.1301 1.7700 -1.1000 3.7600
2.5996 62.76 0.1301 -0.0800 -0.0400 2.4800
2.5996 62.76 0.1301 0.0000 0.0000 -0.0000
